# /proc/stat
# cpu user nice system idle iowait irq softirq steal guest guest_nice
# ask gpt for legit values for random generation
cpu  575619 125911 284855 36171091 30817 49398 20874 0 0 0
cpu0 320408 19567 161697 2574028 3696 7251 1722 0 0 0
cpu1 24154 9985 10761 3052939 2209 3148 2870 0 0 0
cpu2 38710 11106 16131 3035882 3159 3885 1519 0 0 0
cpu3 15209 2230 8754 3077159 1538 2558 722 0 0 0
cpu4 17566 4304 8731 3071819 1718 2728 576 0 0 0
cpu5 10582 984 5136 3088979 1036 1829 314 0 0 0
cpu6 38446 30877 13646 3014604 2412 3118 579 0 0 0
cpu7 21490 11356 9572 3053601 5346 2666 575 0 0 0
cpu8 50000 26238 24212 3000139 3601 3431 833 0 0 0
cpu9 13622 2534 10092 3067128 2636 8428 601 0 0 0
cpu10 16135 5950 9926 3066940 1972 3063 837 0 0 0
cpu11 9293 774 6191 3067866 1488 7288 9721 0 0 0
intr 338668695 133 0 0 0 0 0 0 1 0 0 0 0 0 0 0 0 0 0 0 0 0 0 0 0 0 0 0 0 10977 1 1 1 0 0 1 0 0 0 0 0 0 0 0 0 372819 176 0 0 0 0 0 0 0 0 0 0 0 0 0 0 0 0 0 554814 0 0 0 0 0 0 0 309 0 0 0 0 0 0 0 0 0 0 0 11849812 22241737 0 830 5939 0 0 0 0 0 0 0 0 0 0 0 0 0 0 0 0 0 0 0 0 0 0 0 0 0 0 0 0 0 0 0 0 0 0 0 0 0 0 0 0 0 0 0 0 0 0 0 0 0 0 0 0 0 0 0 0 0 0 0 0 0 0 0 0 0 0 0 0 0 0 0 0 0 0 0 0 0 0 0 0 0 0 0 0 0 0 0 0 0 0 0 0 0 0 0 0 0 0 0 0 0 0 0 0 0 0 0 0 0 0 0 0 0 0 0 0 0 0 0 0 0 0 0 0 0 0 0 0 0 0 0 0 0 0 0 0 0 0 0 0 0 0 0 0 0 0 0 0 0 0 0 0 0 0 0 0 0 0 0 0 0 0 0 0 0 0 0 0 0 0 0 0 0 0 0 0 0 0 0 0 0 0 0 0 0 0 0 0 0 0 0 0 0 0 0 0 0 0 0 0 0 0 0 0 0 0 0 0 0 0 0 0 0 0 0 0 0 0 0 0 0 0 0 0 0 0 0 0 0 0 0 0 0 0 0 0 0 0 0 0 0 0 0 0 0 0 0 0 0 0 0 0 0 0 0 0 0 0 0 0 0 0 0 0 0 0 0 0 0 0 0 0 0 0 0 0 0 0 0 0 0 0 0 0 0 0 0 0 0 0 0 0 0 0 0 0 0 0 0 0 0 0 0 0 0 0 0 0 0 0 0 0 0 0 0 0 0 0 0 0 0 0 0 0 0 0 0 0 0 0 0 0 0 0 0 0 0 0 0 0 0 0 0 0 0 0 0 0 0 0 0 0 0 0 0 0 0 0 0 0 0 0 0 0 0 0 0 0 0 0 0 0 0 0 0 0 0 0 0 0 0 0 0 0 0 0 0 0 0 0 0 0 0 0 0 0 0 0 0 0 0 0 0 0 0 0 0 0 0 0 0 0 0 0 0 0 0 0 0 0 0 0 0 0 0 0 0 0 0 0 0 0 0 0 0 0 0 0 0 0 0 0 0 0 0 0 0 0 0 0 0 0 0 0 0 0 0 0 0 0 0 0 0 0 0 0 0 0 0 0 0 0 0 0 0 0 0 0 0 0 0 0 0 0 0 0 0 0 0 0 0 0 0 0 0 0 0 0 0 0 0 0 0 0 0 0 0 0 0 0 0 0 0 0 0 0 0 0 0 0 0 0 0 0 0 0 0 0 0 0 0 0 0 0 0 0 0 0 0 0 0 0 0 0 0 0 0 0 0 0 0 0 0 0 0 0 0 0 0 0 0 0 0 0 0 0 0 0 0 0 0 0 0 0 0 0 0 0 0 0 0 0 0 0 0 0 0 0 0 0 0 0 0 0 0 0 0 0 0 0 0 0 0 0 0 0 0 0 0 0 0 0 0 0 0 0 0 0 0 0 0 0 0 0 0 0 0 0 0 0 0 0 0 0 0 0 0 0 0 0 0 0 0 0 0 0 0 0 0 0 0 0 0 0 0 0 0 0 0 0 0 0 0 0 0 0 0 0 0 0 0 0 0 0 0 0 0 0 0 0 0 0 0 0 0 0 0 0 0 0 0 0 0 0 0 0 0 0 0 0 0 0 0 0 0 0 0 0 0 0 0 0 0 0 0 0 0 0 0 0 0 0 0 0 0 0 0 0 0 0 0 0 0 0 0 0 0 0 0 0 0 0 0 0 0 0 0 0 0 0 0 0 0 0 0 0 0 0 0 0 0 0 0 0 0 0 0 0 0 0 0 0 0 0 0 0 0 0 0 0 0 0 0 0 0 0 0 0 0 0 0 0 0 0 0 0 0 0 0 0 0 0 0 0 0 0 0 0 0 0 0 0 0 0 0 0 0 0 0 0 0 0 0 0 0 0 0 0 0 0 0 0 0 0 0 0 0 0 0 0 0 0 0 0 0 0 0 0 0 0 0 0 0 0 0 0 0 0 0 0 0 0 0 0 0 0 0 0 0 0 0 0 0 0 0 0 0 0 0 0 0 0 0 0 0 0 0 0 0 0 0 0 0 0 0 0 0 0 0 0 0 0 0 0 0 0 0 0 0 0 0 0 0 0 0 0 0 0 0 0 0 0 0 0 0 0 0 0 0 0 0 0 0 0 0 0 0 0 0 0 0 0 0 0 0 0 0 0 0 0 0 0 0 0 0 0 0 0 0 0 0 0 0 0 0 0 0 0 0 0 0 0 0 0 0 0
ctxt 513363715
btime 1766054411
processes 43008
procs_running 7
procs_blocked 0
softirq 111611629 554882 6143368 5280 44782137 372714 0 12226 29508983 596977 29635062

# init
prev_idle=$((idle + iowait))
prev_non_idle=$((user + nice + system + irq + softirq + steal))
prev_total=$((prev_idle + prev_non_idle))

# wait 1 sec

# get next
curr_idle=$((idle + iowait))
curr_non_idle=$((user + nice + system + irq + softirq + steal))
curr_total=$((curr_idle + curr_non_idle))

# calculate
total_diff=$((curr_total - prev_total))
idle_diff=$((curr_idle - prev_idle))

echo {(${total_diff} - ${idle_diff}) / ${total_diff}) * 100
